0.404558705389757
0.6959331012702441
0.7358001963667611
0.8202444163876204
0.009521894082122007
0.23000835320673785
0.8329856310433752
0.1335447793550364
0.7063838559054094
0.5882916452254412
0.2667589662698566
0.22685824742632388
0.10911791292557593
0.7006256071042909
0.1481617155344317
0.10537309026436814
0.8932819197549848
0.3453874170019513
0.5996822292250439
0.7235122289711251
0.3571628908753739
0.9420771689557845
0.715346826888577
0.6508210751182371
0.81140170899153
0.9035552211196443
0.9009972579382681
0.8141801140859564
0.6015216928000355
0.8100003631830297
0.7201814572264944
0.12157290061939574
0.31957399405180276
0.6403831155639466
0.28713032405103744
0.8266698391265517
0.44149946195770395
0.19136948248251273
0.29794371767938865
0.6844734938386297
0.8826599132914634
0.9712052002712963
0.8665992936868778
0.08686902526194751
0.2410116150694388
0.3606265149391181
0.9848006507295313
0.8712036010374731
0.36296099422864714
0.5436009209463459
0.6755024768349205
0.8567596657965084
0.719803906969968
0.3085363125092442
0.37886805379123434
0.05402065992001437
0.04054276984248295
0.1809104876109231
0.8313063312694695
0.5791125813277496
0.9819557349866708
0.7998368311162327
0.5531114014952907
0.03270855966019437
0.6350606265006136
0.1766754479481032
0.0725876825100864
0.5896359278667631
0.4833035468454874
0.34271892670902115
0.40931442603579216
0.3788222519485265
0.49244099395982377
0.3975693561041551
0.873990507989876
0.6646592693242348
0.9763193784363033
0.5210486458169417
0.16568295237343333
0.5465741329341878
0.7764217142352605
0.3385297188180947
0.5899403129813892
0.9825837882913981
0.871525490454057
0.19344569233985887
0.8089176572624288
0.030300971733828952
0.929234641238065
0.46788628301248747
0.2150959583050076
0.5031453073495662
0.837576077184393
0.8068190329628995
0.6787874350081669
0.6147549143898925
0.46767321560200803
0.28734322047758987
0.7592509968242724
0.5683096771498222
0.6821032751986671
0.8669100860409018
0.6498497525157354
0.405780924629906
0.17494618029180153
0.06670550733496428
0.8804017141097107
0.6377658039372964
0.8833671361260782
0.8406092628480071
0.21372521092572194
0.9993372104663212
0.6878449290322539
0.772180264087567
0.1943035442506833
0.9288324238004269
0.2838061549082167
0.19499904873979235
0.664213278922354
0.41978894946362777
0.6944945383378069
0.6442401997368032
0.22498645481793011
0.9927844271643012
0.46146448776791327
0.9735358288680185
0.17687840869721638
0.1823394274467942
0.03652764008979714
0.5684640336033302
0.8490695066355527
0.24371259972681836
0.5372717896056765
0.6774678353822723
0.6378439104546751
0.7947542394143847
0.19597165011458695
0.4495318579916481
0.7396812422160284
0.4933769330431126
0.835000406406345
0.6750083003469789
0.542761439453183
0.7061334340724836
0.5344175952355428
0.14769042738346871
0.4173162914047903
0.951280681702324
0.317679140719036
0.4247261054965892
0.30130332000335613
0.8340536300610657
0.38839471144301707
0.27961646834949194
0.0009330682297572501
0.736059782924013
0.19194788366518356
0.23426994248493682
0.10484135898244906
0.39091184979249727
0.25873342015310397
0.5473420220371183
0.03263327780588243
0.05620259519348214
0.6927997727811779
0.6938260861912924
0.7557404943471562
0.8362586083595756
0.6339745172900999
0.2461219184784702
0.2923776915212313
0.3932344994748709
0.04908062652041356
0.17721620453396936
0.9655602978898765
0.49280269646399266
0.8840382598986356
0.6696405667277925
0.44504537844408154
0.11941680501623453
0.5522503713656839
0.2914957820564732
0.8629481918569557
0.9893022082832796
0.24979092104075695
0.2626268274821564
0.872086362696763
0.8783155068004525
0.5044415885264413
0.44951809333351966
0.596254994432176
0.6125705798161638
0.6882577873883373
0.27574908123983866
0.7074394541494917
0.3617583136400939
0.9318977627378828
0.9385199855576822
0.47144823073694697
0.7684427855035856
0.8541311503512834
0.6655840521912353
0.9942078060989767
0.2786294313622768
0.2972187948307561
0.5007405930414948
0.31540281912081936
0.8765120734128977
0.5522125053697766
0.5719113346824922
0.11394536593890492
0.975841935061458
0.7766877571961068
0.9916733218625964
0.5035612265968512
0.6220594505000003
0.6160351645128122
0.8623249373820279
0.9314661840937319
0.12861729522555
0.480111682993988
0.6059202854961812
0.08432471211418036
0.5340937404867185
0.7389289289825389
0.22080219401374768
0.6914371497374028
0.16179437978899958
0.9632845441533517
0.9086178799221485
0.8110121272557944
0.3455061313986114
0.347671009101469
0.8729103645399365
0.8485818352984436
0.331017175205806
0.06089180805429195
0.7212706671817695
0.5635867302567676
0.728439876156848
0.12023248755515814
0.05789752790322389
0.783588391053673
0.9153244700750609
0.39658263665826765
0.42852173857519116
0.14352013754308546
0.5098491662856226
0.8151424483325662
0.7241600655451175
0.756167609411297
0.11214260955581778
0.9592184017791066
0.05650996011750875
0.4255327689897064
0.40815234691448854
0.23028540738787973
0.2049093113164724
0.8753034987402608
0.4192036088635078
0.7863338301220295
0.6766877244935532
0.27471388976449007
0.508885909422838
0.43700476539760236
0.8091652555100457
0.72996617581111
0.30255856763350275
0.23781809736593162
0.5735785827344904
0.21258134784194982
0.695603500438555
0.9114833386521739
0.22025494424343361
0.6416313003096716
0.8533898919501908
0.9576526335999229
0.8346606469481086
0.23438049690711193
0.6973447032093505
0.2440430750078697
0.6943598078749165
0.16045435083610204
0.07465118719484742
0.1583380785434334
0.00014379416460386096
0.276888660336317
0.7172532013910609
0.6652973122825123
0.5858634152502911
0.3451629169127173
0.5455875722918475
0.7790788507680282
0.4782088057578773
0.9919199053919834
0.14566357564743493
0.6421785935563049
0.7978365780156877
0.857872092993383
0.04862548215935303
0.05585835577932885
0.4011638632740522
0.08281272547371454
0.8728868574619402
0.8460421649813878
0.6899658102813775
0.4823675245495831
0.8256058807153617
0.873971756362727
0.9763176390142791
0.6024260206248429
0.2920643282485502
0.16171693503931328
0.7197489570312128
0.004891462813090497
0.3525886401812799
0.2221043574833721
0.31761374503543127
0.4862150055929839
0.016837020158708027
0.9768937531995454
0.6008437833217315
0.7535831496055814
0.16837924072931454
0.7061275687092838
0.22896452493117758
0.5940733059776091
0.2107917775837873
0.35306596360455034
0.6347923041712171
0.8495801843770494
0.44986701423096065
0.40222284787919427
0.8809736912755324
0.3309638294252175
0.6199857199286396
0.8126752497745491
0.0727831554210332
0.5664576681622966
0.7007044780833349
0.1948059889198246
0.4905849691297768
0.8827668045215711
0.9025881865449203
0.06265426748560388
0.5828226069747839
0.8115353933413498
0.5556270875070672
0.608300310684927
0.24271418696762237
0.18878896059912642
0.6097462859155443
0.5183164072151978
0.15356448291319302
0.15420752978041352
0.45402663390487064
0.18481510694448833
0.4729609649962889
0.8584880295784856
0.6792756389831147
0.7771451104529017
0.6759421555857961
0.10410695586783336
0.41664348403939044
0.3479018402863763
0.9468669602010467
0.8482972916091334
0.1339739603060286
0.2043070565761611
0.04149128339178332
0.19953215763745513
0.684018205182694
0.8417709225056564
0.8263734187504845
0.6624328705480083
0.6580283429588045
0.124276652090203
0.953958065981743
0.11840509886996098
0.7324393177259689
0.2249072326180277
0.19918140067498746
0.8346186721603057
0.9293134262317388
0.4679922969605308
0.7713783232934068
0.37428306667062694
0.7127084940954267
0.047209369805491175
0.2031009838097595
0.8182922520500353
0.07954525521306488
0.13470791622762168
0.16190709142302495
0.25621191160751455
0.456418408172389
0.3256030558157963
0.9138152368299666
0.17084903318377842
0.3569954155089239
0.07622747279551345
0.732398027368407
0.7216566876811705
0.3031863339084464
0.20084438020617545
0.6677053962368247
0.6226288112245779
0.3406987649836246
0.9932153476978172
0.6166686064807312
0.7060015011267087
0.9218903506997038
0.0132927130226288
0.00215100493124476
0.33784906081307176
0.7118228528627231
0.42555827494345855
0.1357423030040814
0.5831280776594971
0.49543390112280994
0.4989003632885758
0.1226400276763695
0.6101341233065121
0.12146778232303346
0.6442816442701733
0.16206485896406875
0.44611418230941746
0.8719316145858926
0.18610173587225098
0.4672836694174638
0.25267268371816143
0.736179893499167
0.5808170327972255
0.13311684636167032
0.7912395578703793
0.18675527317483254
0.5688026495570511
0.0978489701497205
0.33805702538494353
0.6163059260003969
0.7660262656117389
0.03732148572771443
0.2985213408176821
0.5261895374032601
0.17361747039451814
0.22538954925606447
0.6822974362477328
0.5797568575700605
0.942725712042104
0.3052933946199696
0.9627884966482503
0.5759479008556092
0.3995430484653353
0.6457372086412394
0.32421023490391687
0.10607956936295837
0.08995430116269643
0.1056888211193392
0.30509200788917257
0.6960466984398435
0.12257681940503096
0.694865955366869
0.49003599022607025
0.24545168237419657
0.33940149343869797
0.11099177057473608
0.5083173255766273
0.7643888433928137
0.7402679901824323
0.33026506501607966
0.6001707840092496
0.3498769499008543
0.321198173826196
0.23485901565481715
0.7039366783878185
0.14943083302174442
0.18134817299270356
0.4925268246951533
0.6672732805175929
0.7257229597540198
0.5718961365006516
0.8193590615094724
0.9405352712501585
0.9055869313087017
0.6137179779160837
0.7969252722312112
0.34249413325289013
0.6152766971726085
0.23266565130490457
0.6105833324879524
0.7308709755794098
0.3283975661118117
0.8655735489988754
0.9610418675028181
0.8533135586807854
0.700001790783632
0.16377177866041004
0.9199295571878439
0.9298382012165347
0.05460465347994381
0.9405592769535187
0.7946083798777221
0.1830411057323964
0.13161346502901305
0.058142901181441387
0.8539922189887916
0.3991752501123962
0.8095059933056357
0.37241327313993255
0.6993172333669506
0.46808524220992775
0.9258830742125306
0.7112984336298407
0.7946641059463055
0.057150894706767374
0.7758877293356174
0.42910059068533424
0.4977469239768144
0.010477192749856812
0.70101068109151
0.7771372157910972
0.29102387979158073
0.20700546752224924
0.15455059424558137
0.05534757546709734
0.6305001419159684
0.46811495375914847
0.37042671833881213
0.7254418808528489
0.8795362740274841
0.2789703756378925
0.5432489129341274
0.3191772242084401
0.5255196523791923
0.9736234163918054
0.584686149891843
0.5962123815915421
0.330002468762687
0.7113153314038656
0.9775567167136032
0.048423558583979176
0.33883722154523976
0.8763066206865473
0.702621820013444
0.9966396897385279
0.7429909644565735
0.6976983489205109
0.2502549051865719
0.14196203223225368
0.41050208235119356
0.568805678216767
0.4181042404434896
0.9490685502015299
0.971942827658006
0.5358883752649672
0.5232253019001614
0.08809675011508888
0.4370837195809514
0.4357454883357639
0.6861807926329151
0.37183339850996644
0.26166757307725663
0.05835081042600998
0.6848896608434707
0.8659371715232842
0.512189620123547
0.5268192106985183
0.9608529732671758
0.2720062986589338
0.36367272457890754
0.7788513749134314
0.8063970003480545
0.2493566529721516
0.5478231299703458
0.6319376314877969
0.13953078456839352
0.6325761415140698
0.7882986065297513
0.20399169438603315
0.12714718164700423
0.13976743419287074
0.28479829972628257
0.06310564048319756
0.7432186485030299
0.4661260662551112
0.1306074748145194
0.541100724015996
0.4789529822120506
0.2081916059056077
0.45671728031432024
0.29462469126838986
0.570112309631589
0.47727651926244175
0.7891755261720708
0.3351732370866991
0.574215418289941
0.6939538077362393
0.3137759505965758
0.256516769699485
0.6666421570435845
0.681215914617987
0.8039059382897458
0.02034180174406819
0.9093353898270591
0.24042151144226342
0.569703134064282
0.8290651405288387
0.10265581292702564
0.44365534182219357
0.9496750350973642
0.3193719178900136
0.7086880317428506
0.533877542247063
0.8608325578374969
0.4399153163791929
0.4046215765790633
0.7017931512740534
0.8516783780542236
0.28485049366450665
0.6981921346462021
0.09952686875047867
0.2882544854900404
0.4054881592740438
0.6358446538283264
0.9181285118734159
0.19484358661736256
0.7250116334490504
0.771804607443533
0.20391789462411913
0.44839006822215177
0.36615015346320057
0.08680572793904351
0.520654655435181
0.9376718269094417
0.18312196230536015
0.063943482332665
0.3125771799725261
0.21390848914054716
0.8645376840538443
0.8137908260178937
0.41580769340821533
0.5078865872595726
0.8718436021733136
0.45014574287245335
0.4056075568520876
0.6703260836426554
0.3279464988658265
0.8220136361218251
0.19351919743537094
0.1780425079364627
0.7323219363592393
0.3510240089121628
0.126267285535008
0.2581380883254001
0.06977992672808941
0.18735843722037893
0.7930339524463854
0.5766251643348972
0.6215392088141476
0.9649841764652431
0.5063381090502161
0.45288408054035223
0.8239804658213834
0.9070914132591981
0.5306024239741087
0.8313269294800085
0.30894054289600703
0.7633986885943502
0.2200005893411252
0.38747532295750964
0.6797385166339189
0.21801829099910885
0.9649330893713151
0.8792753377010827
0.35720483093637645
0.25146937092699795
0.5142395015367622
0.4555805583476371
0.11560915904767954
0.6796732865173543
0.8194060780285675
0.7295592757870033
0.47898770199066654
0.7258934348625659
0.7137917829417808
0.09081293284665781
0.44388959563802444
0.7298337054879303
0.9519324567034173
0.9108885080938762
0.5996974125081156
0.12711290275996534
0.4708128876678803
0.7266296008765563
0.13857863935634573
0.7974174420201485
0.8111384068558656
0.8650787914821523
0.783005339384609
0.19472195434993678
0.9324008334004577
0.9992079886813603
0.4942966028902034
0.5917813881398788
0.38272042545903084
0.6268162337666989
0.24357271186516583
0.8762655847231091
0.22556124986699855
0.03893313561906386
0.7200488485921379
0.06782396183947292
0.33782982801063466
0.6591614408498918
0.15363834499731044
0.24957283588876278
0.8001748120452359
0.03867244480777687
0.5123212663914976
0.04828363964957694
0.7865348188810422
0.0828910843669246
0.8259679149210584
0.5114531836661635
0.3084193614349733
0.6639378545473305
0.7951183526599053
0.6835949185680619
0.7636324949301843
0.6713968252841434
0.8886951855901208
0.18035559649208
0.6975156661252127
0.2176581225423111
0.2883041859133517
0.3651844426253321
0.7629535011403037
0.42720603358112297
0.8818899764708716
0.10876901041565734
0.5273653851378715
0.9616647264752294
0.6137924101486003
0.4436439399656009
0.6712160442975739
0.5826772821243165
0.7083694393098365
0.12667477133839777
0.8484038468646211
0.2958057759764001
0.36470255992844036
0.26077763184469793
0.36667099700092654
0.6898172719150388
0.7369820260852857
0.3861632863528901
0.2881130686453903
0.3783394451030586
0.9728033319455174
0.406082390877075
0.03159887665641792
0.3913039024038709
0.26171400340744366
0.9729016869164904
0.45638451689300785
0.38905572069945293
0.2554916544674435
0.5834248921119456
0.8674873154879335
0.9295851506051307
0.18074168157161252
0.37243170892828936
0.33905615279016255
0.819604855165992
0.031569070665393495
0.048772196156845915
0.01838755647931478
0.4582511771126234
0.844698150534706
0.987678565858058
0.0005595855220543733
0.8310618587932677
0.2035952662016569
0.8290783413115406
0.1574666241347138
0.09844933695107727
0.585429864300534
0.5152359078847779
0.9014568258970679
0.43599939846675717
0.6359784806105542
0.20961999566331135
0.9075084324957237
0.3365889246651992
0.8240561990784137
0.10532636854805344
0.5836327510976627
0.5652884390013235
0.7071729529834638
0.4479103493897938
0.5389064915192179
0.38831169540866406
0.5710081424044804
0.5923074963011283
0.12617148726738892
0.9608452627801396
0.1975493315400163
0.652721330734026
0.16218551809764814
0.8769877469717366
0.7342117368017538
0.22218649256333411
0.6612962681657417
0.04252405245110924
0.5617191998260929
0.6537300508727497
0.8353329884384628
0.3022280036754146
0.29914448599861365
0.49397855985270556
0.9539059134311834
0.7936336106751789
0.8692672110936104
0.25799195079901716
0.7187429869014565
0.7497799741207041
0.612330982839266
0.3567513788078922
0.12449298440163892
0.40047945178090494
0.5753505127813736
0.42917497086803547
0.9538623695713524
0.6938474379070751
0.8146625259582017
0.920073692969757
0.08615460109000028
0.21518669024554593
0.1433589484868154
0.8903862164971033
0.25438279209661707
0.7656077598547688
0.893441963171826
0.21429360733170943
0.5815252395074235
0.2625045632995173
0.8227937246253889
0.18187913257505017
0.12322960963998253
0.3416481495114634
0.7987284085337081
0.7113744230370582
0.8248461081183585
0.18668237840739144
0.24994239356453973
0.4278838027959322
0.6632055024130044
0.10534821390755211
0.14491326648315073
0.14382625892315093
0.02559459548066889
0.9825128139227006
0.4884571433127718
0.1844157770900574
0.6710267038835602
0.08355254755276897
0.9567338574107187
0.6670838945015294
0.19268291419034167
0.209292731251145
0.7051766739494421
0.6267175829899603
0.6513534422446559
0.7693227241941252
0.8125745888275913
0.2354513596223382
0.5609455573580806
0.9165635525698399
0.992532206319864
0.6350465669076792
0.49182702667292544
0.4729369461565778
0.5873510328358711
0.5269771114277064
0.6306783788885533
0.9978390749923411
0.8756334475182155
0.1935012558581164
0.5954550848384301
0.08930870854653516
0.12033791117825077
0.1496266342573025
0.0431350709575562
0.9593690451550512
0.5448595834464405
0.36602319931502536
0.02370779736945905
0.8409033936686698
0.6298629568957312
0.6060177000909017
0.6762800920949361
0.4065907439599483
0.29190690049459556
0.5272284319296265
0.7687391082552626
0.728438254588891
0.5240135158300872
0.27220397905401916
0.19378244228084318
0.7027773595720854
0.35691676715972265
0.7112932645849723
0.9176609551688524
0.0956352076157605
0.1787197437673913
0.8193509450575089
0.045148249509592064
0.5114653523217476
0.912251398390673
0.10162859474493113
0.13638124679802566
0.863114582419676
0.2537042791633308
0.34012768188589737
0.3976483876687944
0.37144642220271495
0.47734013242324913
0.4293133359215222
0.6966427143246012
0.6703376118876374
0.5060281270544944
0.972346284884305
0.41490102714743826
0.9551860570682054
0.5432624917646764
0.8337544998585311
0.168398434994121
0.1314196436579722
0.5581232925645809
0.31943690707583117
0.11611852171728954
0.4544388317323196
0.8140318065629544
0.8871651027282867
0.7623193191218547
0.27622954852439485
0.28070172774814095
0.6898051137067862
0.9620405440276827
0.45471134163482185
0.49060296999205777
0.9811570583020639
0.33810947101148403
0.5313466962639721
0.34285182193944475
0.6530240145212811
0.29734715678067936
0.9670752420209838
0.10784788434007431
0.4324240101176746
0.0508126537128204
0.4277209260884085
0.03152756785687272
0.6841076362410494
0.14208454053080244
0.7871462418627688
0.19296155717227403
0.26884683789988784
0.13998202531944504
0.17104855776253736
0.48601978480249985
0.779155321805878
0.9386624448543506
0.13097776041341702
0.478701075203638
0.8340812393245327
0.756411484759206
0.2770895151428139
0.650208369478076
0.3669409442027243
0.5044773196546548
0.34032422855245303
0.32403654083911615
0.9527142001577649
0.955450813069781
0.7877390155704187
0.5708332877021629
0.2762668268735744
0.4126505540776879
0.44212560272200396
0.024000420542020784
0.9788430396557579
0.8335135177781798
0.32512324899835554
0.9177498131385227
0.8312826664265183
0.16270197536800168
0.2658464579851285
0.5658313024072354
0.8044802067576238
